10000
2800
2621
4203
4558
4795
1973
1047
696
4255
984
491
739
1432
3211
905
4885
2846
1076
2453
335
3207
3089
780
4944
4752
4811
3025
2572
2169
4697
1189
3071
464
4285
4571
213
195
96
28
2612
1969
2637
1655
3594
3994
3034
4086
3702
3194
905
362
790
1895
838
3435
2150
3566
4513
1491
2688
2385
4653
2042
32
834
512
895
261
4113
1676
442
3667
3985
3964
3737
1681
3178
1189
4083
4388
4089
1675
1193
3756
2641
3419
3788
4835
3068
1111
2488
2487
4741
3996
849
3477
3541
4335
3690
669
1126
3308
3082
4807
700
2609
4244
2816
2235
2650
1695
3889
2050
624
2887
2234
3191
1785
4409
1435
3210
2415
589
4239
3781
2560
581
4874
3410
943
4560
2161
284
1428
1714
1219
4608
4924
4685
4254
3690
1233
842
4085
1005
1261
4681
4926
620
3203
3223
4740
4560
861
625
1210
4992
2786
870
1588
3140
2089
430
3978
3490
4250
4648
4323
4088
2383
2355
4454
4811
1163
2455
2354
1605
1120
3603
4945
932
1301
2375
3299
3108
705
923
2200
2286
3582
3736
4017
2187
4768
3245
4416
323
3722
222
4128
2516
1798
957
3219
3215
3022
429
397
4559
223
2846
3072
306
3039
1015
147
2039
2555
1101
1694
3958
3136
4505
2575
3590
1766
4419
1195
3476
3229
2602
1378
2873
626
735
764
1267
2781
2584
2371
3904
1069
1648
1213
1159
95
2413
2345
962
1821
4717
1411
1648
1837
4675
1036
3439
2952
1330
448
3218
2438
4905
3441
4961
2730
4447
3595
2124
2212
398
2725
1835
3147
3229
194
4188
4626
4223
972
2818
2521
3029
3874
1039
4823
3529
2834
2760
4280
2855
514
4798
1451
4320
4956
366
704
840
2286
4753
755
493
4578
1920
292
329
1600
2464
392
3706
298
1484
1264
3584
1032
4286
1458
2200
3799
4634
2529
2306
1222
129
2951
3345
3291
1337
3979
3521
4982
1660
1949
794
1945
3847
1986
3252
2878
4625
1419
2406
4878
2254
4434
3003
1845
2501
1534
2388
3864
3261
68
2843
2128
2495
140
4006
2178
2976
2062
183
396
2243
1315
2236
2098
1091
3494
4757
3112
473
3071
251
455
1969
2072
1014
3558
751
3921
3818
1033
497
2393
863
4093
739
651
4550
237
2792
1468
2076
3190
3421
1582
1614
2817
4658
124
3677
1187
304
1266
2763
4876
1029
1947
3181
2095
2955
2732
869
404
17
4642
433
1269
2465
3363
4130
4330
1791
4494
2883
2864
3312
548
3380
312
3192
563
2787
1209
4675
1458
1269
2068
4434
3167
4330
3141
4477
3832
633
4701
4896
3041
2171
4819
2372
3308
4146
4861
1588
1955
124
1316
2000
4453
2846
3889
1554
3778
317
3459
2298
4763
3428
3156
4406
3448
1601
2886
2582
1861
3685
1288
3955
1322
2513
1233
1364
4385
3938
213
2884
2610
3680
2569
1804
1519
1089
2078
4591
2878
1234
4928
3036
2979
2962
2747
384
1959
1358
3873
489
2424
3535
1904
645
858
3612
2676
3016
1435
1197
3007
1681
1046
1146
1968
3213
657
2766
1552
3921
2056
3218
757
2473
4382
4406
3985
1806
2641
923
1561
153
3424
1849
2535
1225
3254
1842
3950
2902
383
4700
1370
4752
2269
444
2185
3507
686
538
3978
3880
748
3365
3495
869
3092
1270
511
1492
3180
3336
1739
384
4939
4969
4159
4776
3007
2673
3987
2724
717
1990
3098
1558
4974
883
3739
4865
4890
28
1962
3254
2212
3096
1970
3479
1517
602
321
4403
4480
983
1190
3396
1916
1246
187
4737
2554
729
1658
2455
720
3404
394
2319
1302
1345
527
1433
4148
647
3589
1621
4251
3033
733
3477
2434
911
3713
3899
150
2033
465
4275
3460
2094
2750
959
3885
4486
4012
1406
1607
840
129
3770
4183
137
1852
2236
1502
3077
2757
3980
4822
3817
2496
3487
651
4398
3055
861
4207
2431
1188
665
535
4260
655
3116
28
1747
4685
4029
2160
3923
4576
499
3692
1320
2301
379
898
3139
258
151
3300
4950
754
95
2683
4839
3572
3046
964
3925
3495
1770
961
2648
4096
1642
298
1377
2491
2765
3674
2714
4684
3268
1291
4310
1909
380
3336
2787
997
908
4198
4783
616
4492
2949
2350
4567
2251
2692
1019
2096
619
355
384
4323
3433
3979
835
926
3908
519
2902
3687
3521
240
3195
4369
3824
76
844
3692
657
801
1479
1804
412
4767
3570
2129
2435
4879
233
3829
1023
3943
2980
2218
4691
4567
1018
1036
4408
750
3245
260
350
3002
2295
1243
4459
2720
4599
855
2578
247
1049
967
996
1043
3630
1996
1445
3101
915
2400
2894
1271
175
4514
2963
1017
4443
2549
828
116
4488
3433
4485
13
2944
1627
654
4839
4253
270
3167
3125
1506
660
2015
335
3926
2122
2423
4091
390
3375
2818
1459
1986
2085
4515
134
3795
239
517
1887
1900
4025
2471
4716
1215
1416
3857
84
2524
4942
4290
478
2880
4512
458
3660
4472
3786
3815
211
2798
2320
4069
3785
4580
2812
243
3601
2683
3487
3504
4714
4589
2465
278
185
950
483
318
4684
2112
593
1125
134
2462
1335
2339
2953
3413
4839
3231
2517
3552
1818
3848
4908
4340
687
589
2275
1924
370
4545
3505
3740
3867
875
2282
3118
4865
1297
4128
1014
1161
4688
250
4191
1284
3007
4300
4116
2083
3848
2527
3096
3239
4999
765
1961
4483
1627
4656
1082
4221
4817
3067
1703
1505
97
3848
2257
4495
2005
3570
4923
4249
2815
2619
1192
1980
3583
2910
1788
2442
2634
29
182
4773
4658
4265
4056
128
4978
1452
789
4725
3697
573
665
2281
3988
71
574
4375
4468
623
597
2480
2785
3337
1853
1407
3543
2060
1237
1307
4950
1093
261
681
4768
3253
3220
526
4696
347
4000
4948
1183
599
1653
3672
413
4085
3212
4238
1592
1629
1345
1796
636
2788
2428
3889
2692
497
3482
1634
2896
4690
3991
4434
3727
1054
950
3789
3928
1239
3417
1284
4876
847
3916
2372
2869
1272
2781
4606
2863
4176
2180
4378
4979
2543
4628
4969
4019
1406
509
187
922
691
655
2219
4776
4583
3585
504
4030
820
256
1
1939
4786
4352
3108
443
4672
2498
535
3021
2952
4710
3871
4129
3222
4227
2277
3540
1200
1752
298
3215
375
610
1176
2329
4541
2391
4182
4988
2143
2903
1991
2184
2734
1333
2611
4707
4469
88
1775
4909
456
3088
4495
2190
3774
4662
4390
1578
4222
909
1648
194
960
1425
3760
1573
1632
2778
511
3425
1869
2694
316
2164
2545
4780
2706
2835
998
4348
3935
1378
4387
615
3217
3310
2084
888
325
2970
4599
2283
728
1337
2449
4195
3345
2064
2541
906
4743
417
1478
160
4513
957
3882
3140
4532
2490
2118
3011
1127
1052
914
953
2493
1257
205
4092
231
2367
423
1726
4456
1434
4493
641
582
1161
4346
4718
1252
2208
4640
1149
681
1720
548
3616
4565
4598
2899
2897
2830
1895
948
3086
2252
1851
3132
1475
4270
4608
1344
1034
2852
4080
4821
381
4523
1330
1701
2559
1641
1455
369
4654
1060
845
2164
1511
2182
4152
4325
2283
4923
1680
320
4611
2900
1548
482
4948
1405
2785
332
1133
2103
3489
2549
1143
3863
1339
1270
2135
461
680
2572
2422
1174
2711
3409
1172
1941
678
3008
4521
1721
4315
759
1329
2927
3825
4390
4210
3870
756
4725
3368
3494
838
2292
3411
760
4757
1607
2904
1614
4861
2357
1603
455
4662
4672
1219
73
1868
3670
3312
3282
4321
504
2299
161
104
574
1822
4530
2861
4266
4370
3358
1277
157
2544
720
4814
1435
1546
3661
3969
2377
2281
47
190
1204
366
4387
1431
4749
3047
2853
3049
4030
2677
941
457
3757
2428
1010
4506
2969
1425
3982
2933
3382
3421
4092
4890
2459
3148
3278
2257
3324
284
2813
3534
4490
1747
3298
1709
417
4843
4649
3717
3614
1321
564
3967
4707
2759
374
1748
1751
3286
4296
1238
4642
3520
3747
2634
859
468
4807
132
1382
3492
2331
1008
4904
4787
4503
2595
181
2000
4344
1759
3327
124
3084
181
1211
851
4847
1040
1761
2190
4466
2466
2694
2644
795
2810
4722
4243
2500
4645
2079
4265
126
2709
1539
4106
3615
2707
3723
468
2158
1126
3532
2712
4849
4780
1462
4201
1769
1925
1068
2272
1787
2435
3134
3163
237
925
1456
3009
2317
4072
1575
4772
1548
3732
1597
183
4441
2824
3204
1871
1270
3482
2063
1924
2765
1024
3342
1011
4368
3650
2439
3743
1561
4345
450
3821
3503
3070
727
3856
4559
3009
2683
4397
3762
89
2937
2071
2982
2423
3742
1137
484
1705
1867
4118
232
2545
2389
2215
1733
3313
3034
142
3786
2726
497
1746
1951
760
3706
2580
1732
2727
2904
3038
3816
2246
4967
4188
1263
3441
1818
3862
2700
4499
4282
3803
2494
4686
805
4695
2835
1123
1296
803
938
816
2144
533
3779
4384
3980
3937
1121
4279
3923
4989
3130
1435
793
2701
4157
1049
2518
446
4073
4043
3391
4709
3349
1339
2841
3235
2385
793
1486
2755
859
3520
2464
3902
2229
3747
1566
2478
788
3357
928
4245
651
2975
3730
331
2691
3190
3060
4995
1544
1465
4952
2770
2145
4859
3328
454
4443
3512
1545
4617
4028
1508
841
1241
1953
3578
994
3286
3929
1683
4184
482
1085
4427
309
4760
393
3573
311
2607
3073
1491
1125
2479
966
2103
2121
2244
173
912
1253
4172
1593
4300
1071
758
640
2743
1782
2135
3162
1578
151
2362
4999
2677
2663
4253
2330
749
3383
2263
3588
2964
3855
2936
418
1580
2906
3152
4844
4851
4982
2620
2763
1556
3167
3644
3117
1698
2733
4740
4329
631
2530
1022
2923
4461
2597
4111
4375
3781
4336
1351
4080
2207
517
3450
2927
1531
4827
418
1769
4384
4198
3145
3491
1245
1766
376
3442
3815
1890
3021
1652
748
3126
4613
2522
392
4342
4518
4293
4260
4428
1768
3934
2718
522
1492
4435
4848
4239
1443
2881
364
3549
97
4384
1351
4070
341
2974
1659
2146
3256
2958
1759
724
4384
3436
4489
2102
100
875
4229
3962
894
146
2840
3614
831
2158
956
850
2025
3308
1526
4531
4381
4544
3143
4573
1033
4119
4909
4755
1872
2736
1207
193
2527
462
225
2985
1503
1169
125
2913
400
2753
2633
1821
3519
4720
773
2517
4100
4103
4823
286
481
597
2239
1428
375
3673
4714
930
4803
3315
224
1882
1822
2263
4908
3188
2405
3123
4074
1518
1948
2275
1668
2932
658
1614
2905
2838
2893
3285
2765
4622
4070
3608
158
1103
2348
886
3180
530
3049
2052
1520
4237
27
1542
162
949
4961
3373
2992
134
1973
4112
1830
2877
3527
2674
3626
2893
1038
295
3269
2420
4485
714
236
4199
3175
3429
3926
4707
3817
2988
4097
1955
2759
1202
4441
1311
4791
882
1176
880
1880
4439
463
3491
1314
3246
3556
2768
371
427
1772
4572
2899
819
4456
3857
4611
4930
4554
4731
430
4644
3764
1842
424
3469
2797
3184
1346
1383
2446
4515
4919
4927
795
3490
459
4965
4096
1046
356
2492
3043
4736
117
1971
2343
354
3811
4540
4325
4234
1416
3571
3119
1094
182
2365
1254
4416
1895
2405
1325
1751
1719
4999
880
834
335
2662
1307
1545
3298
3205
3759
3652
1455
3894
3507
824
1729
3676
3939
4764
2911
2886
2412
4663
0
1478
4519
336
945
2557
4274
1234
4840
2649
35
1932
583
3008
1296
3661
3183
1985
4692
3418
1335
2854
1460
1102
4728
4551
4437
50
666
4388
4577
1374
733
2589
1079
250
2880
679
49
4913
350
4152
3029
2000
2389
4302
4056
3582
1252
953
2039
4283
4753
2914
4941
3036
4203
955
1973
3347
686
1197
4134
2144
4390
2075
784
3921
1288
3085
2614
1272
2126
104
1428
190
3774
79
315
910
3061
4609
2863
2406
1592
221
4334
906
1777
2446
1314
74
802
648
4191
2772
415
4073
637
240
267
188
1739
31
3711
2027
2702
1878
3459
366
4158
1324
2792
2726
377
2792
505
4003
7
2280
4618
1914
3350
2252
1801
1824
1730
337
3291
4725
529
3293
3804
2444
880
3778
1577
4464
1930
1589
4506
4226
843
4769
2199
2021
7
1536
4204
4151
3000
2770
2568
2763
4385
145
96
619
2819
1336
827
2744
675
346
618
15
4139
3573
2451
4084
50
1232
2002
4427
1223
1556
484
1688
463
937
49
1690
2458
525
401
168
4215
2206
2335
3625
3418
4024
4814
4112
4077
1626
3422
919
587
1257
724
1201
3229
3631
3325
339
4197
261
2121
3646
2406
3751
2013
1431
655
448
2244
4078
302
3891
4524
2566
4300
2903
4041
2678
2492
1158
2939
453
4409
4230
1684
1012
235
165
3607
3768
1471
751
1349
3063
1753
3432
1961
3187
4381
1809
1342
3990
3950
2560
4739
309
3527
2189
3013
3219
1538
909
3752
516
4093
1206
4604
3391
1323
3628
2957
1571
339
4933
3360
552
2273
3514
1526
1618
2537
1262
2951
3005
1651
3400
859
4028
3367
1442
2502
3640
2783
903
2565
4349
3049
4906
1535
718
2497
2776
2896
3384
545
3182
4429
870
4354
2473
3856
189
3387
4883
1915
3219
206
319
1588
1135
4084
912
3949
1362
1456
592
408
1197
3083
4652
3684
852
174
2661
3073
3322
1443
4349
3198
4249
3817
4908
749
1465
1405
4534
4533
4506
1819
4136
1876
3900
684
948
302
3853
527
3624
3147
4557
3515
3640
1884
554
4113
2340
2975
1259
1492
1241
888
395
194
695
2986
2507
4798
4372
4249
4078
3150
1325
3448
3500
348
511
4619
1996
4927
700
4133
1002
2046
2648
4436
4352
556
1646
429
1352
3841
3211
4076
1301
4070
4944
635
4474
360
2055
2596
4067
1217
4328
400
1787
3552
2617
4262
3954
3491
4430
731
452
1260
4171
3222
1427
4604
3547
233
1495
1949
3668
3989
4732
1112
2922
3150
2526
171
4862
1681
2248
243
4833
52
2726
1947
2052
1073
4306
4157
2703
1315
3461
739
3617
4004
3172
4481
3837
4886
463
853
2477
4116
4139
531
1637
36
3654
1516
967
3632
4472
3348
115
1252
2399
1224
3294
4110
1434
2913
4503
3741
720
4071
1062
1753
3289
2343
4506
195
4348
4826
1729
1421
4492
3556
1
2692
2752
4165
2269
2082
1775
470
3985
2901
2376
4309
768
4777
302
4998
2604
2047
66
4212
160
4667
3811
3070
4840
2086
4365
373
4790
467
2771
4681
2369
3269
74
3264
3337
3738
3800
103
1424
4823
2283
4168
1380
4144
1930
691
4510
316
4271
1489
366
2295
3246
2973
221
4137
4084
1404
2122
3383
4176
3422
3336
3168
327
273
422
2409
2602
4620
992
3364
28
2297
2563
18
990
258
2782
2786
269
3178
2270
1839
2837
2031
3384
2751
4131
3896
4776
592
2647
1533
2381
4377
1231
1390
3069
4836
2489
1682
3231
1084
861
310
3324
2131
4070
2517
987
4230
701
736
3875
2505
786
2470
4133
2143
3328
1368
1914
4294
1989
4200
3281
3160
4831
1764
330
1227
927
3377
4664
220
4790
3844
599
3860
1365
4958
4203
4583
4578
1254
1672
1316
4266
4790
2176
3287
3006
2480
3856
3136
2262
2912
931
3810
1408
1256
4161
3830
2618
4435
1227
997
3064
3641
1104
1885
4531
4261
1660
2196
1058
2601
3581
4014
1229
2758
2139
4493
3826
1714
3375
3736
2405
4284
1899
1287
4301
1182
3425
3347
4358
2099
3151
11
2839
918
2760
347
1664
1546
3792
1355
1355
4051
3124
2748
2298
4721
4098
4575
2000
2269
4093
3486
4848
993
4009
2695
758
2921
3523
1983
1672
2554
3309
2924
2554
2152
310
2052
3252
288
1957
8
601
3764
4815
4397
2575
2997
2722
4899
4355
4962
2760
1071
3413
3759
1076
4239
3388
3397
2487
4020
2011
3934
3466
1609
4442
198
3316
3045
2760
2189
4928
4056
1812
2964
1992
4513
1950
1117
520
4282
4302
2113
2998
1907
556
4372
3316
826
2037
3035
3019
4955
1403
2871
4702
1387
397
1028
3933
3058
3292
4157
2200
177
4456
3608
4429
2194
1713
3506
2870
1120
283
106
2142
4100
3136
3681
1238
4967
2752
3265
3832
4790
462
684
1443
4028
2103
3365
1354
1260
1932
3034
436
3440
1478
543
455
613
2197
3456
3862
2296
3361
2383
2766
2313
769
4960
4997
3399
4965
3900
66
4176
1872
2324
2850
118
4126
3461
2988
588
151
4275
3396
2712
554
783
1925
4578
4226
3262
2464
931
2003
270
2941
2695
4929
2649
2867
4705
3493
1947
4467
2913
3235
2642
2905
3464
3449
1947
780
4563
2796
2968
1866
4050
1726
158
4179
1245
2687
3208
2824
1488
3460
898
3807
2127
3944
3931
661
1013
2144
4337
4805
647
1420
4930
1108
3380
1519
2853
4343
4953
2328
1586
2342
4127
4677
4048
3833
4344
1594
3361
4789
3983
4180
4929
2128
992
379
4196
1745
2978
1782
1709
3745
1442
4080
4538
3076
2823
1048
1900
2029
3665
3509
2597
1726
4136
4060
761
3184
673
2283
430
2399
1815
2655
3448
4857
3059
2973
534
2160
2949
158
2070
2231
1043
2404
254
2237
4769
2932
398
4840
10
240
2692
313
1878
907
3350
40
3107
1784
4670
3835
1312
1533
4192
1527
3012
2409
1688
3365
3087
1021
1247
507
0
2954
4092
1342
2388
4127
3265
3658
1607
263
2433
3529
4276
1043
4996
4846
4156
2384
4392
4251
3858
1216
3739
2074
2163
377
4455
4273
1235
4242
2155
17
4652
4501
2903
595
874
3431
1531
62
1117
1228
320
4822
4158
4346
4564
358
2814
1617
2463
4530
4654
4326
4497
4697
2727
85
3210
2160
3580
3174
550
133
3053
4509
2851
2881
3807
68
631
2888
986
2599
1970
1476
1444
1155
4840
2173
3106
4102
2386
1471
1572
3669
1875
3339
3954
4152
4986
2459
4288
1626
1952
4050
3441
2317
2766
1595
2790
572
1593
752
2537
3156
4299
3058
4561
468
4405
1649
3774
4495
865
2539
2868
1982
505
2080
198
3400
405
2898
2619
515
4213
3957
2348
4399
3399
2499
1752
3082
2032
4217
4040
4605
1210
1235
4931
4161
861
2895
3630
4657
811
3294
2385
177
2277
2470
4290
442
3894
746
3572
473
139
4182
2039
4783
3197
2462
1640
148
4467
1047
2840
171
2638
4460
2503
2437
3398
4727
2408
3861
4357
1523
4095
2054
3759
1480
3432
3694
1285
4337
4445
4038
744
4522
862
3723
4375
834
404
2519
4716
286
1316
948
90
4058
2076
218
1706
1431
32
4130
4592
546
1150
1829
1642
497
4654
1267
4600
1677
4252
981
3678
2344
3029
1864
4179
1772
3535
2130
2920
1806
4255
674
3438
755
1177
2520
2323
2329
1267
3716
251
2316
4360
3091
738
1710
3024
3247
1446
2353
3620
1385
973
2382
4509
2599
4388
3272
617
2685
814
3875
583
1405
4541
3801
1309
266
2489
4115
4528
2221
905
3335
4910
4074
4328
2768
1301
1050
1826
3221
3399
3687
1275
4038
148
1588
3621
4379
1201
2206
205
3050
455
2563
623
1200
1115
928
850
1001
3663
3176
1943
3696
4601
4589
3708
2153
3797
3222
2713
1162
548
1903
3897
1842
3421
749
1972
4309
3154
4329
6
2358
1348
810
1524
4086
329
1191
1644
970
4349
1984
3549
3673
3317
4383
1856
4582
2518
3955
1097
3098
2944
4661
899
3200
472
902
2316
4614
2849
1148
441
561
360
4591
4615
3512
2620
3918
3089
3604
3216
4759
4160
1350
3600
3113
2940
4178
101
2282
4864
1867
3596
2071
4035
132
5
561
501
4856
2089
206
3155
3630
1867
522
1773
311
4195
3156
55
3341
2739
2362
3656
3042
3314
3359
1476
3026
1975
235
3064
3401
4596
4633
3850
4416
3041
1210
1399
1389
4175
2147
3836
659
4882
1720
4451
3494
2294
2319
1344
2584
1166
2871
556
3625
4742
56
1541
3379
2932
1949
2606
1817
3848
557
98
2929
4225
3342
717
1708
127
279
4525
4572
377
3866
283
4948
3602
1807
140
4175
575
4015
3479
4473
3054
2000
4806
2449
2347
3336
2840
2167
929
672
4395
1400
814
2618
3511
1071
2265
2670
3286
1162
523
3060
3019
68
3004
1890
4152
3003
1215
1741
3372
2180
3533
3509
258
4786
2527
2640
841
1302
3755
4767
4327
3179
68
696
106
3171
3981
1279
3621
4707
4492
4077
3691
1807
3263
1107
4112
1885
4843
2748
200
4579
4190
964
2993
4767
4095
2438
3771
2492
4611
4762
715
2350
38
739
1645
937
723
1381
3585
3107
4471
134
4333
4511
1853
1572
2719
3599
1131
246
657
423
707
128
4158
563
1768
3754
683
674
2646
1001
3251
442
2848
4202
3238
60
1152
1986
1260
39
3017
1553
1076
1331
512
3691
2456
4052
4481
1494
4427
635
3609
345
1689
260
2618
3400
2748
159
2383
188
1999
2969
1879
3847
4980
429
587
3841
2597
2841
2810
4190
3307
1853
3324
739
1320
1744
1782
2606
2923
2855
137
2829
44
3967
1760
269
4947
3466
3027
345
3398
10
342
3277
1351
244
727
2320
1332
3102
4538
256
2172
3149
1220
603
3474
3517
769
1506
4670
3017
890
2975
1626
3721
4503
364
4696
4989
3883
1015
1886
1824
4
1128
3925
4378
2011
2265
2119
3133
126
970
2500
1991
1749
1268
4398
3275
3268
4130
693
256
1251
1418
2466
1776
455
1767
3943
364
1855
785
4076
2009
3236
2525
3561
1237
2764
198
3265
2729
1801
504
3730
3230
4771
1599
2245
3385
4122
1964
4493
2820
413
1787
2937
3768
2549
4204
3226
369
2884
982
1054
197
3559
4160
4223
2304
4812
4263
3864
4527
1317
331
2092
3893
2991
372
523
1725
2183
3974
3035
427
1246
652
269
4768
548
2849
4606
1071
1955
3902
1960
3086
3952
2899
4180
1306
4429
979
1773
1042
254
1092
3016
4276
1940
592
2672
2557
3402
816
2941
2943
4658
3584
637
324
3937
1452
1986
2939
598
4401
790
2158
987
186
4227
3224
2454
433
862
34
925
3425
1075
2750
2061
3008
2730
4280
3056
4501
2470
4430
324
1056
1547
1726
3188
3426
983
2996
3408
4868
3390
3081
552
4474
3660
1135
4071
4675
2311
3219
2624
4462
4036
3484
1596
3123
1786
324
261
4705
4155
4892
4378
4457
3459
4421
3417
696
970
2704
1753
4837
1287
3511
3303
3503
1681
4820
257
336
4037
3194
3358
2810
1744
1667
3155
205
2673
1141
3014
2044
2036
86
2527
4713
2212
983
1715
673
2204
3662
3621
2742
3178
2109
1263
4210
2244
4672
3438
3598
3106
3747
2093
4234
3874
2641
232
3496
3221
1391
46
524
120
4995
3819
3687
3195
1546
3551
2619
2757
3389
265
2928
2025
216
3922
1112
3180
2738
521
234
323
3942
4180
1733
587
2527
72
3326
4460
480
2562
1350
4738
1566
4591
2702
63
2020
4260
1148
677
2376
4946
3455
2169
1670
1615
558
2217
3057
2592
4390
3557
920
3362
955
523
3337
1706
4580
2131
109
1239
2539
4778
4033
4757
1766
3358
123
1462
718
207
4922
3682
901
2872
3442
666
4487
3718
89
1436
2656
2910
1221
3011
3345
1196
680
255
3881
2921
2584
719
1630
4823
4822
1612
4088
4045
4112
1841
3907
1109
4163
2337
2340
3714
2515
4985
2878
2166
2679
1627
4012
4743
4531
3506
4172
420
4979
3244
3845
3061
3274
3202
2761
609
2769
1194
438
3085
3118
1976
197
2364
1375
4758
948
4724
369
3388
2245
2868
3058
2324
1711
782
3817
1592
2165
4302
1491
2421
1847
3112
4130
4849
3919
4767
1475
595
1813
4911
2759
1074
4468
1605
3501
2096
1013
2236
3139
4221
4282
1436
4009
946
3896
55
2958
4744
4262
438
1739
3863
2425
1295
3514
957
2282
3615
1708
1991
1098
3224
1213
4836
3155
4809
3690
790
2023
1858
1808
4889
458
4616
1749
4389
846
4345
654
4697
2079
1650
3003
1722
3079
663
2825
3013
643
3356
1721
2698
503
4936
4158
3263
1405
1226
3585
4177
4134
4462
3008
2034
4125
4807
593
4987
2523
4957
551
2371
1435
2009
3441
849
93
3101
2738
1910
2336
2662
2823
29
2810
3635
857
4673
3104
956
3340
2866
1988
1822
910
4773
4295
4545
2176
461
4804
2169
1200
4377
4948
4492
2319
4824
4840
2223
3760
4027
4534
491
2106
4034
3578
3713
1022
1150
20
2143
1634
45
704
4745
181
3772
1430
2080
2433
1693
3598
4690
18
1340
87
1584
4221
3986
2271
2826
139
3115
1596
3190
4984
454
744
241
746
2339
4790
4844
3574
266
2621
2476
2932
3768
1932
1250
2566
1974
2462
4000
1295
462
187
167
4981
1956
4906
3169
4858
3627
4128
1417
2789
2871
769
4983
1599
2386
1902
2811
3102
3580
3671
4094
543
4328
500
293
2334
3580
1567
1761
1952
1489
4145
243
2868
443
2228
4982
2694
1808
4946
4214
529
2271
357
1966
569
3743
3424
3144
1542
3617
2520
1345
1955
1281
1034
4341
2738
3947
4627
1006
443
774
4248
3768
3049
3855
1364
2903
1975
2318
4229
1932
558
377
2871
38
493
2496
1161
1370
1419
1053
1562
1103
4132
4673
1
137
254
3085
3959
547
4706
2864
2811
2479
4095
3283
126
61
3358
2158
371
223
536
3009
1882
1637
883
3160
86
176
913
3844
296
933
3190
2911
1447
2254
4987
1629
3856
4128
3183
4405
2273
515
2101
2284
4666
4378
2374
4767
1517
1753
176
1145
2278
4259
1244
2602
4809
2995
2059
3621
1990
1822
1311
2752
3091
4173
4233
4409
4853
2756
4843
2643
4647
3845
2904
122
3030
2375
1376
3112
1776
3287
4900
303
3446
3814
1158
4984
2586
1893
3439
1574
2392
29
3365
4846
2395
3592
2669
1044
793
1720
1526
4878
1251
4097
2047
2311
398
1287
1314
285
2490
1369
340
1444
2753
3028
3579
3336
4157
2037
519
3369
2368
2983
4664
3149
3154
3947
905
1426
3681
1064
57
238
470
3852
4916
3435
483
2170
1123
3244
1139
3451
3928
535
2507
781
4465
3886
4187
3849
1505
4697
3627
3451
133
1634
2254
2096
3570
2389
1934
4948
2831
2764
995
4550
1317
3017
386
2377
85
707
3366
234
1399
2928
2384
4095
1931
3050
760
1568
461
394
4053
2510
4924
3231
3925
917
2426
3742
1784
3724
434
4906
854
3671
3495
4579
1958
2192
1863
3730
364
1763
3796
2432
3511
2387
853
3290
2596
4645
236
2965
853
4293
1519
3965
158
4379
2229
2295
985
3072
2938
4560
244
2307
4561
3454
2400
1332
2654
3738
1968
1903
2629
3655
2224
2652
549
2960
1646
1469
3890
2508
899
1191
1265
4365
571
2202
2136
2365
395
308
95
559
3578
2991
58
3963
86
2314
119
3439
2333
259
4888
487
1756
2438
45
897
2435
4470
2298
2985
1886
1135
4447
1601
1434
520
2193
1596
3760
313
2855
263
1523
4551
4115
2131
1842
4807
3435
115
1378
4231
793
3486
4032
1594
741
2053
3565
4830
2583
318
4133
522
1958
3618
810
2258
3628
844
3527
2064
4290
4693
2737
3567
4870
2550
2211
1041
151
4703
566
3918
464
2722
4718
2198
1574
3752
625
86
53
194
4988
4145
105
2149
1105
2469
3093
985
2695
1728
2610
898
1501
2925
4561
536
3952
3384
798
4254
4133
3893
2497
2189
3130
1595
4745
1046
3543
4188
3331
3585
3728
1803
4932
4546
3161
4919
676
3081
1619
1350
1535
4063
2579
1649
3366
2121
3204
2927
4492
4718
3751
2002
3214
3608
4359
199
2863
3882
4525
3316
3178
3343
1286
494
3866
281
4496
620
2264
2414
4819
2723
2303
4221
884
92
4809
697
52
2365
32
3097
143
1180
2242
973
3846
2680
4065
501
4161
1459
397
1489
2766
1931
575
583
1942
516
4326
1099
4828
1750
3572
4460
3328
4524
3014
3678
4935
3002
734
836
4152
3682
4443
1807
308
3344
3367
3474
80
186
1430
4136
1528
1547
2515
3216
398
3234
3923
3876
1446
1826
3982
2451
3997
2314
2714
1212
2422
2198
1191
4442
1314
2424
4056
1060
2063
4067
2181
2644
3117
2518
4495
4052
1198
4320
2132
706
3558
897
4450
3038
1529
1041
2480
4230
1494
522
1973
4920
4940
1827
4334
4467
3849
86
4779
1499
2030
1253
3120
3200
4296
2258
1475
1507
1033
330
262
4785
2033
2739
635
3544
3293
4862
3967
1872
2322
1879
989
817
673
4060
4056
1908
741
4140
3211
4857
1132
1543
4472
3916
2791
570
4954
1533
3849
1212
633
770
4496
469
867
4234
2958
4008
3109
4694
3717
4347
4284
2125
736
1769
3511
610
658
4827
2523
4006
3937
1233
2319
1843
364
1191
696
4629
1117
3666
2397
1453
4798
3415
4243
2938
4002
4448
4116
2868
3918
745
1039
2701
2849
2031
3476
3362
2327
7
2945
790
542
3193
3903
4802
322
2915
4364
3910
1668
281
2541
4773
2184
1305
237
3414
3874
2420
4902
3759
4180
1811
4732
1966
1266
3624
3558
4214
666
4338
2292
99
1140
1097
1353
3947
2739
3235
2452
4160
3972
4744
3743
182
353
466
1299
3053
2946
956
4625
927
699
988
4138
3901
1570
915
4211
2381
1663
1525
519
201
2379
581
3960
4933
2296
4026
4531
1464
1063
959
3685
1617
91
2509
2083
3240
3687
2273
3039
3542
4257
964
3281
3990
1512
1352
434
149
2063
2650
356
2114
621
4529
372
2812
2780
4414
4201
1098
2791
2819
3442
1668
1433
2015
1225
3661
4478
3564
643
2985
4006
4351
2287
426
4234
2193
2466
669
1301
2543
4022
185
2542
2968
2396
1617
1308
2514
1407
4507
1393
4363
4130
2281
927
1053
2048
1388
1997
474
2415
1578
3754
4643
2873
1189
1344
1486
2314
4033
3690
4358
2040
331
1042
3223
1707
4633
2524
4433
1624
2576
3446
690
1766
1776
3570
1299
1307
1227
3026
2836
4618
4630
4351
22
1925
553
3417
421
1069
2209
3302
3482
3709
2825
923
720
2667
2762
520
53
1353
1797
3025
1143
2171
3264
656
752
170
4397
3103
523
3455
1952
230
363
3323
1954
2767
1604
1649
4774
2303
4470
1884
3963
3695
241
975
1510
4114
917
696
4156
2603
3524
4271
1885
3783
1025
258
897
3079
2225
704
267
3232
3594
2839
576
1765
948
3188
1807
1106
2344
2675
4007
3893
3315
3930
1281
3893
1986
855
2981
2803
465
3311
3095
4219
6
966
3559
1009
1690
3664
252
4962
3236
2560
2339
274
89
890
2003
1182
2405
862
3759
1451
703
1837
1812
1756
3062
293
2652
3868
2523
3832
34
4191
272
3245
174
3056
3983
3014
930
1259
4314
3032
2231
3047
4618
1542
2586
222
2384
2523
3082
575
1227
654
1526
4294
1995
4467
2020
4592
1612
1992
470
3931
2902
2687
1041
3278
4187
150
2071
1492
4057
4010
3798
1709
4552
4691
2377
4604
3966
4486
4427
2257
1681
3324
3474
4135
4702
946
2679
2114
3616
623
3690
3683
2911
3762
680
3742
1766
3786
903
2235
4518
3080
2556
2172
1708
1647
3335
1273
294
3436
4685
315
1134
3942
1202
2139
1673
1776
3999
1467
752
1143
3523
892
1913
636
2011
4701
1206
2286
2059
593
556
559
603
2999
3977
2284
3869
3383
1782
1326
481
408
1743
1059
3304
528
4787
2446
3150
2852
1166
2613
4958
1177
2668
508
1163
124
3356
3506
1760
1502
4040
1299
4445
1660
3866
2810
2703
3416
2202
135
1391
4998
1046
1571
3882
3422
3839
1114
2383
2363
275
2714
1214
4306
3658
4228
795
1429
2066
3785
545
3407
1234
2684
368
3074
1553
3924
3375
1550
3743
937
1433
905
3098
2108
1251
4476
2432
1071
1503
1923
519
4993
152
3579
4895
740
4644
1114
1081
2431
254
2800
1322
3525
1251
349
3587
2301
2481
4088
137
2823
2975
2919
2621
720
3300
4912
2742
4208
604
2452
4213
478
2832
2153
4601
4147
1319
3325
4639
4319
2837
4146
4790
4698
1979
2484
2586
2264
936
1644
3707
4093
3325
3124
3006
1122
1503
4480
4819
2225
1865
1308
199
2897
328
1438
4339
4609
541
2473
245
433
4470
4624
3750
2862
2603
2612
4598
2369
1591
1630
2589
1253
2329
995
3069
2161
1699
2656
4998
420
3860
1814
396
2589
2007
3370
2643
3619
1610
2573
365
626
1487
742
3614
2913
1959
3496
3896
3090
3900
1423
3156
255
1537
1922
4820
1715
4088
841
1315
1293
1838
519
4467
800
2827
2715
3174
463
1304
2019
4896
3661
2245
4934
3129
1198
1403
928
4045
4438
3654
784
1429
84
1490
1337
2457
1235
17
1593
3440
861
247
1801
403
2751
3243
3794
4699
289
3959
4299
3790
3591
4425
2416
1240
895
2614
3978
3722
1147
4981
1204
1508
3707
2452
3768
1569
4366
3039
2442
3295
402
2636
1786
688
3381
1102
4669
3468
3057
2914
2823
854
2361
1542
2796
1790
4040
3654
1406
3352
1247
194
43
4892
1174
4723
4773
1350
1279
3296
4553
1813
3610
623
846
1627
3968
3188
723
3110
20
2023
1966
2388
693
4423
3868
3986
991
4601
4476
3764
2641
3747
2880
353
2729
4969
4680
4321
2235
3717
4896
3461
3884
3186
412
4941
833
4495
1199
3320
870
4454
3911
4897
4163
2044
3321
3091
3047
1864
3491
3386
4369
3703
313
4962
361
767
4790
697
3335
1504
1713
3007
4749
401
4086
3310
1718
4523
1470
3568
3959
1443
4107
1691
1796
3587
3334
3452
43
3353
244
2422
4078
2820
4430
3237
1759
4036
4832
3232
4429
1569
735
3737
4190
2532
258
4767
1213
231
4940
2470
1899
3246
1986
4507
2604
1720
4260
853
387
4241
2381
662
1515
2600
4289
4292
1518
646
3663
4974
3886
4167
256
3769
3641
4670
1807
4808
759
2629
3615
634
4506
4872
2865
4341
2549
3596
2041
2103
1416
1187
1683
1935
1591
726
3130
3583
4704
3837
1495
3542
3633
4505
3065
4690
1585
4790
4116
3166
1647
3631
1596
3529
765
2145
4103
2490
303
4234
1965
675
1026
1498
4016
4400
3366
2326
564
2044
2978
2206
2615
1853
2032
2114
2334
1696
3220
1880
3795
3861
421
1064
1631
4591
2642
1901
2381
2816
4316
3122
3785
2945
4635
1023
3612
1566
4311
4182
873
2076
2591
3461
2203
4393
1571
2122
1491
2219
2889
872
813
2476
802
1249
3667
559
3909
63
4696
1506
488
159
2203
252
4534
1184
1313
4292
1499
2848
1905
1104
3083
1701
2384
612
549
4319
1761
150
4948
3444
3632
1384
1754
2597
3279
2650
4661
174
4134
2673
2318
955
4737
1079
3831
2854
64
3893
2327
1607
742
1251
2492
267
4532
863
4892
2472
2247
3637
980
5
708
2896
1632
2506
344
3983
1673
1364
4818
832
2373
13
870
3112
2921
1770
3131
1079
4583
1685
3992
1596
4907
4536
897
2292
3437
3543
4697
691
2042
4211
982
840
2338
4825
3561
1312
1700
222
1174
4453
4307
4387
4091
4049
1668
3638
4612
1325
54
2410
2316
2940
2546
1597
182
3578
205
4324
4871
1303
2745
660
2230
4188
4905
3057
4806
3294
4198
215
4199
2155
3136
1817
4395
608
393
3420
2068
2503
3454
4202
415
3270
1930
3049
4419
980
2675
4853
4748
1755
1440
3728
3203
3002
524
2515
2719
2381
3239
3814
2166
1772
3874
2334
2018
2853
783
3902
776
456
2992
2234
255
1295
1103
878
4913
731
3162
905
3439
3786
2881
2035
4351
3539
2520
4114
686
1284
3542
112
4769
3434
2264
1317
3129
94
3309
4586
4326
1324
2537
4348
1039
3333
4310
2099
3629
2462
4211
3152
3688
1302
2698
4608
672
1350
814
2316
1208
4586
666
513
527
3717
4367
4902
120
4171
3868
2272
4391
4490
3849
4484
112
3692
1001
652
249
2834
39
884
897
4341
4465
4088
2132
1761
858
1087
3391
2187
1818
92
2756
2670
2649
1234
895
1676
3796
3507
3166
2964
2120
3934
595
241
1163
1422
2592
2332
3322
4465
533
3106
2126
2109
3384
3372
307
505
4365
4209
1666
3043
1360
2608
2381
3195
2080
3795
4420
4747
3448
3223
310
2272
403
2487
2568
1262
2413
43
1451
2606
3174
2613
722
630
3987
697
3021
1452
908
2728
992
130
2034
334
409
4432
1946
1620
4505
4571
254
1239
1526
3624
854
3832
1618
4025
4377
609
4536
2117
558
881
2389
4336
4836
2315
1807
2794
4815
4157
2470
2125
3756
2542
172
414
2123
1936
3070
3684
2415
1643
4096
1498
274
4248
1759
4520
3488
2352
431
3140
1337
434
422
4567
1733
208
2801
4512
1091
2825
2915
3994
443
1484
3751
3720
4344
347
777
2527
3867
4328
4456
3748
1450
1229
1410
811
2801
4272
1087
4712
131
202
3301
1785
1960
2124
1757
2784
2502
1604
2253
1898
1152
3545
2586
324
4931
2563
3279
1457
730
3115
2087
2030
574
4996
1730
4430
3890
1037
4092
3273
3194
4257
75
3446
3576
868
1368
690
3205
3277
2405
1257
2581
2538
3819
1413
4231
1454
3927
4374
3109
774
1253
383
1920
2800
4256
1505
3069
4094
2489
2063
1353
1193
948
2383
3476
4410
4310
1368
4586
256
492
2942
3158
3796
4337
3875
3424
2992
2938
4132
2765
781
2824
3942
4858
3598
2535
4049
4939
4200
4640
4097
2756
3733
4581
4249
3367
3698
2095
850
713
1122
1813
2126
3045
2915
2703
4630
4339
1736
2885
3011
1041
405
1948
3481
2059
4917
2887
453
2837
424
3988
1083
2788
4103
174
1287
2731
3296
329
2842
898
2665
77
3908
1651
409
4580
4383
2493
4392
918
2976
14
569
630
604
1751
236
1684
4332
4412
1278
4879
2916
2191
2356
3541
2506
2509
3083
194
148
2791
4738
2447
3147
4209
450
1680
1468
2426
1906
570
4349
4920
1425
2671
998
4220
4870
742
1835
526
4428
1054
925
4353
3984
4593
1062
2389
104
3336
4743
1381
1860
3487
3460
2257
3005
2713
1234
4018
4564
1874
4007
1326
3086
1490
2911
1159
1546
2956
925
2486
3700
4528
4940
4555
2658
1915
4771
3406
1885
272
331
1319
4075
4815
2452
3293
4285
4452
651
1080
4024
1443
2635
2932
1948
2802
929
203
1176
2036
11
368
3239
2423
1948
2086
1598
4054
2438
3924
3455
3761
991
675
2601
1448
2902
3484
1773
3847
1181
4375
2692
1858
3110
2892
2948
3739
3462
4810
3551
1753
3283
2600
3722
1958
4166
3426
3224
2108
651
3100
2489
4571
643
2294
4873
1029
840
4718
4695
90
3315
2034
4164
4723
4376
1447
2516
4218
1163
4355
3957
2958
223
4406
3618
650
3177
1942
4465
4223
3978
1455
530
4168
989
859
1790
691
1434
2461
3565
1389
4481
437
978
3582
4941
1082
93
3900
4696
2257
3298
3968
188
1794
1311
756
1274
2163
690
1147
436
1954
2513
4581
2995
4509
1291
3895
1826
1962
4640
579
4106
467
2924
1057
986
3636
3247
3543
2975
4683
3759
4412
643
120
2309
4354
3262
3349
2467
3639
4624
4633
4510
1437
648
3867
2262
4698
1979
362
1260
1134
3869
4052
2554
255
1481
796
4473
3176
1287
124
724
2215
3580
3306
844
3709
3820
2591
210
2353
3160
2243
3494
699
3349
4032
4592
89
1941
1380
1261
372
689
3120
2716
3085
3650
1473
1905
4689
3195
2275
3079
1909
4238
2537
4584
2485
1769
4649
997
613
4915
4960
994
4098
531
1889
3953
2979
367
2809
1682
238
3878
4108
3694
49
2807
4605
1933
869
4607
4781
4242
3808
1300
3545
1291
1064
4254
413
3766
4348
3207
1095
236
187
1022
31
1096
2620
506
1152
4974
2840
154
2997
666
4433
2043
2643
4651
4083
759
4885
4264
1528
3731
3689
2821
4098
3493
859
1588
1791
1077
4470
3397
657
463
4027
1394
322
1048
4966
141
2363
2841
1724
147
951
1615
3968
3314
4964
2778
819
1434
2578
1728
268
132
2654
2547
261
1035
176
242
2386
1813
2412
2612
4808
3795
4305
3946
3882
3291
1046
644
1773
788
4072
4962
4215
4660
1018
4278
80
4911
3486
1774
3961
1590
1410
2897
4559
3290
48
4566
1680
1207
4152
4342
3464
2345
1842
4576
1219
4199
2116
1960
3747
597
4410
3117
4303
1926
3709
3583
4037
2105
1788
77
2076
4443
3049
1372
1470
273
2360
76
1749
3942
969
1572
744
3282
1908
4130
471
2821
16
3422
4042
1419
33
2370
2873
253
898
1077
2635
3766
4561
1384
3737
695
705
183
1954
2701
1888
176
4408
2328
1205
3110
709
2054
1611
302
745
929
1675
678
3873
3555
2240
224
4246
2749
1690
4727
4684
2958
4369
2214
4413
451
2188
3193
2223
843
2610
3406
385
4125
429
1871
1892
1575
4976
3515
1087
2542
1030
476
4113
3468
2521
132
1254
2582
3581
1230
1414
3812
887
2801
4186
1570
1554
4702
2860
2137
3661
541
2756
2443
3776
3830
2183
2273
835
2083
3904
4460
2722
1659
3476
3802
1300
2383
1149
4188
2746
2743
870
1658
4130
2478
432
3112
212
1670
2063
4989
2150
2304
2255
2654
4085
3968
2234
3670
374
1302
4929
3007
3789
709
3939
3595
4211
1560
3297
1010
2268
4459
2168
3350
1012
4257
2108
2797
2581
3988
4818
1956
1486
1806
1443
984
1356
395
524
3043
4582
2203
1547
4036
4975
278
1859
506
4313
1791
4777
1171
3866
3700
4267
2115
1998
4362
1648
4319
458
667
1228
579
2045
3055
1137
1697
2200
3528
2399
2848
1004
2850
3221
1605
731
616
1147
4200
4104
2975
3824
2300
2298
2236
3545
1644
4273
3614
511
413
3688
1299
733
4493
2699
4204
340
1531
1787
4345
2344
158
1260
1044
4058
1523
1577
4918
452
1371
2022
54
1103
1991
3259
1193
425
2148
3889
1894
2412
3038
1085
4858
333
4082
2880
3450
3334
277
2782
444
1048
1324
3094
1812
4047
3930
983
4001
2100
4478
2606
2804
931
4990
1149
2383
1637
4403
1383
132
3616
1608
4871
2089
4695
1293
3740
3811
3310
3384
765
1867
2535
100
4396
2160
1701
503
2374
792
4445
2894
1129
1190
4134
3809
2006
1393
1512
4669
3487
3787
1241
3820
3345
4702
3975
3320
2231
1362
4439
737
4555
2396
1904
220
2167
4426
1984
3972
3777
2430
2591
1598
3801
4966
2377
4014
3547
27
781
3758
1210
1158
4603
1549
4364
543
1619
3401
4711
4915
3558
83
4415
4369
3023
3194
244
4347
3628
4115
3194
3598
3685
3826
1324
4050
1154
3386
976
1717
1764
42
3536
4178
2204
2391
2386
3304
3680
76
3718
4621
2004
335
2098
3180
2917
2105
846
4719
1660
4248
4750
1386
3293
303
2299
350
594
3399
581
1907
2142
3019
1191
2047
298
4083
4102
2277
4666
725
2951
3558
3964
1105
2563
1548
2066
561
2374
1308
1696
1775
367
2084
2944
4597
2608
1120
8
2139
813
4243
2388
2645
281
4172
3762
1943
3854
2097
4454
4525
4351
2794
350
3000
1890
4519
290
1398
3081
4940
3210
340
353
302
2809
2819
1724
1080
99
3880
2813
3851
2935
2902
2109
1808
2511
4971
3330
3939
2846
352
2085
3872
2883
1424
76
3386
1766
897
307
4563
791
2592
2549
2163
4604
462
4051
2883
4621
2925
4102
3427
3903
916
2375
4893
2017
4486
438
711
1830
2387
2186
2634
1003
2334
2745
783
2362
2925
2410
4580
111
3271
3273
3746
1940
2793
3297
2444
988
2848
3143
4100
2819
1927
2923
1439
4791
3550
2274
3231
198
2280
105
4529
3242
831
1047
3649
1069
3446
3207
335
3834
1021
3801
722
4006
1164
1539
3998
4533
341
3738
2723
4256
3632
3330
2227
3195
3452
4995
4999
2461
2583
4924
1611
4179
3188
2210
2605
4882
3259
2746
381
3578
4576
695
2198
1750
549
229
3266
2411
1165
802
2551
4243
3236
1382
3805
114
4845
2113
3198
1789
3916
1046
283
4718
4053
4418
2270
324
2798
4608
1732
3152
159
1213
3664
1171
106
3761
3609
2085
1524
4446
1301
2239
1587
2626
2458
2358
3692
4264
3311
1239
3306
2553
1396
2093
2631
3759
1001
4125
645
1345
1255
2509
3456
3979
1177
2288
3912
305
3926
3358
4287
180
4827
409
4439
2856
3884
1539
3035
987
4987
212
4668
1255
1619
3989
1962
676
1347
2916
3121
1751
350
320
1567
1156
4954
2263
2197
2644
1844
192
3448
117
356
3279
1576
1308
2220
3661
2592
2250
4024
2714
4168
1011
3968
329
3842
2710
3386
4404
2216
138
909
1968
2216
4315
3101
1570
2303
3980
2393
2650
1264
4936
831
2267
437
4080
2731
2275
4915
2709
4682
2697
2762
1564
4912
2450
2056
1208
2281
3817
1199
2274
4953
4943
1101
2306
3389
3143
3370
323
485
1235
726
1485
2323
4574
928
2587
3467
3772
365
1058
2149
3841
27
2008
4252
883
2275
3405
4292
3197
386
1712
3454
653
1266
2210
1064
2485
2006
4706
3963
1119
3240
952
1159
2519
3419
589
314
301
4522
3313
4203
502
4541
3123
166
2602
1071
1673
2298
3150
1447
3736
277
4886
1805
86
3452
3790
650
2760
3258
3647
2332
4376
472
856
3145
175
3494
2558
3502
2847
4359
841
2535
29
3687
3532
4784
572
987
3647
4538
4907
2618
354
577
2025
4291
489
3002
2998
1425
3679
2209
194
2103
3143
1033
3713
3412
1696
3789
1687
966
3106
1098
1456
2786
466
1443
3845
1645
4188
1485
1106
2002
3945
2512
4295
3447
4185
2667
1845
4390
1201
2752
877
4396
4881
981
1623
316
471
3498
4219
253
3549
3807
4501
964
3176
1312
663
1386
4047
2343
1568
3779
2850
4655
3592
2712
1357
1232
2302
4595
1594
1232
4731
1546
841
3699
2558
2257
2952
392
3218
1139
4557
1249
3780
1459
2797
2013
3354
3648
2966
3152
4234
4447
3824
3635
400
1215
1779
4501
416
757
620
1113
3418
1388
1934
781
1278
3564
1488
3757
2244
700
4088
1212
3679
2280
3063
4994
1472
2283
2285
4796
123
4570
2641
385
4698
4069
1457
728
4130
242
322
95
3509
119
96
4243
4666
1271
3579
4426
1904
4413
2207
465
2269
4140
4175
1212
2370
4864
3494
1501
1494
3506
1118
675
2731
613
607
401
2286
3967
66
4064
3266
3564
4313
4930
2302
2824
4950
3407
582
4050
4734
3080
2434
3836
4244
1878
2206
4357
140
919
341
1358
2875
4389
3091
42
899
8
4028
2723
4606
4811
3833
2903
3000
112
3611
3428
3883
3962
1040
3954
445
3251
4249
3667
1509
2010
1694
4111
3590
2454
1329
1263
4004
2324
3175
1068
3785
138
1057
4725
3765
2710
2774
1688
104
1128
2495
1972
417
2967
603
233
4370
4230
4537
4891
2520
3694
4591
2391
3253
557
77
1027
1492
4910
706
4812
2700
4353
3277
1207
1320
4930
1636
1994
4605
2988
1154
1398
39
1689
2011
3332
3056
2528
234
8
4416
3101
1564
3593
69
1377
3470
1153
4891
3181
4953
458
2699
2288
744
565
969
2899
4365
2825
836
314
2413
4394
4437
3957
4330
2326
4887
4041
3798
2185
4164
404
4486
800
9
1877
3511
896
2941
3693
4182
4839
2361
2410
1012
2982
2831
3120
3178
595
4008
2016
2216
821
2401
1470
1569
4381
438
666
1081
2965
772
1020
1449
1550
1143
25
4491
2122
2244
4004
3732
2379
4488
3713
2131
1310
3694
4299
995
4688
4105
2507
3525
2363
3747
1338
2896
3039
4631
4382
2895
4464
4807
4617
1348
3842
1145
1198
591
2405
996
3911
1385
989
2897
1704
1510
1454
1235
3997
211
2375
767
4632
1770
1190
407
4034
1857
4278
1542
43
3132
577
1435
3301
3549
2086
4059
871
4496
4987
1337
3049
777
2512
1937
1086
1380
4571
791
2545
2564
21
4402
1451
670
1292
1094
4224
2338
30
1068
2946
731
1291
598
3129
3672
635
1798
2698
4347
2912
1391
2333
2342
1776
810
4881
2141
4792
3811
4881
2481
4025
882
3381
4612
4783
1905
3897
3943
3478
2716
2649
4782
1908
1681
1208
282
4872
4650
4502
3509
1337
1208
4660
2437
714
3202
1454
2541
2536
1419
4367
1933
1710
641
4597
4559
4430
1853
1337
1221
1953
3545
1730
2019
1086
469
2785
1926
2435
3225
3328
1211
3374
1317
2728
779
1689
4234
3180
2290
3564
3152
4235
3646
4067
2908
4606
1992
241
262
4269
499
4978
3848
1597
2281
953
502
3326
1939
1153
2773
1816
3693
78
2716
4469
4454
3522
2084
3621
2365
1007
2095
4588
3278
2383
3393
1105
3988
995
2627
1649
315
4548
70
2719
1704
172
2710
2684
3336
555
3889
491
714
3697
2581
2201
4671
4461
1871
3114
626
4018
687
228
3815
476
3560
902
4828
2841
1943
4768
150
2207
1687
2326
3453
3871
4799
1528
1973
2701
3
2099
1237
3155
2930
3456
2667
4380
3192
579
4999
2872
120
2980
601
4597
2723
733
2272
1857
1352
858
2582
2077
2118
3861
2233
1790
2088
4945
1927
218
4294
4027
2144
1508
3723
313
3753
2820
3806
4089
1290
720
1401
3119
1683
2845
1744
2948
2502
1566
4127
1680
1533
4401
3854
801
2550
3277
1338
1966
1503
4727
4813
1673
1739
3422
2788
2782
3086
3983
2568
3300
808
915
4466
557
1714
4674
3833
67
689
1416
4965
507
4914
822
4202
2551
1952
3909
2869
1973
463
1559
3521
3567
3462
3144
1550
4020
4709
2257
2956
2141
3817
226
2762
1069
2144
2738
1885
4372
4112
569
1568
3930
3530
4186
3970
2029
752
216
4876
1917
2514
208
4825
2476
1431
1176
3527
3555
3427
2230
2149
706
2815
3614
3795
3982
2940
1448
2501
1137
1150
67
4962
3489
700
2936
3571
2132
4561
4519
4817
4216
413
3471
3576
232
840
2486
2234
982
207
112
4999
1550
1024
3965
3250
3506
1178
4328
600
4185
2130
3655
1014
468
1614
4883
2209
1624
1738
4014
868
1744
3375
1368
4488
2254
4443
1372
430
3842
3958
3780
2992
4900
434
3965
4453
3999
135
3109
4121
100
4522
2792
3392
2753
1692
4533
306
2415
298
665
486
2298
625
1781
3323
3348
4017
82
4461
635
3324
4122
4714
2769
3035
1177
1606
4058
756
3275
571
1502
4939
3958
3353
3867
4047
3067
4950
1020
4124
759
3028
2690
2643
1583
4649
1824
1411
4815
892
2208
830
730
3592
277
61
1494
830
1840
3684
1241
1860
2755
598
2727
1918
4802
2819
2634
174
2033
3008
3561
3849
3451
3140
979
1873
4520
146
3731
2355
2879
1781
1721
1875
4647
2493
4697
2445
3810
2459
2149
2550
4536
2774
281
861
2312
178
3082
3919
824
3856
775
3380
2457
2595
4258
3721
2178
1106
1409
83
3091
1493
2784
4448
860
3402
3673
1856
2371
1724
3754
984
1499
1304
3620
2156
1941
3444
4069
4865
2262
2807
4136
1825
2908
63
2996
2257
3515
2536
531
1603
121
4858
4115
4334
4510
1719
4340
4643
2983
3383
3486
3010
878
2485
252
2816
2066
4448
2555
3094
1694
1603
4318
4101
2522
912
326
1936
509
1499
2280
1327
3409
235
1814
4373
295
1639
2209
1567
1824
3604
3507
262
3318
677
2596
1553
4466
2900
404
3434
9
4567
3675
1596
2872
752
1301
3913
1282
4279
2240
3798
1168
3783
4128
4013
3674
1694
4866
4896
3950
4479
1071
2960
1307
2120
4727
2000
714
241
3051
1329
1568
2129
2899
2311
643
4914
2542
3765
3632
2979
3711
975
313
485
3336
2433
2487
2106
4180
4558
2411
769
2583
614
427
4559
265
2605
3113
2698
1033
4176
4312
607
3879
938
3904
109
63
4398
1311
2210
1520
4738
418
3456
1148
4535
338
4743
2877
4333
3288
1152
4429
2192
4297
739
635
3849
2866
3666
4773
3555
3339
2210
203
3195
1693
4069
1588
1356
3680
3823
3769
2873
3403
4065
875
3571
434
3014
3770
441
3823
3851
3585
2183
3724
2750
3893
622
2013
2861
4071
4285
687
2522
2918
134
4066
4006
4047
496
465
4959
1333
2498
449
893
3803
1988
4995
2258
36
2491
764
4485
1749
3954
3582
4881
3174
2280
1716
1686
1330
1495
2751
136
2565
1262
1886
3565
3394
2053
2517
1433
4561
2171
3743
790
4099
4347
426
3842
4712
2881
520
1676
2376
4193
523
4784
960
4195
4881
1391
1758
2438
4685
1764
2068
3520
2808
4932
344
316
2922
3140
4773
3843
2780
3662
4111
2058
1935
2593
3705
1251
2435
756
940
4028
1091
731
2383
2866
2875
223
4850
4600
3484
1060
4858
1619
2112
1273
4029
2428
2861
378
308
3882
2870
1582
1025
3910
3753
1670
2419
698
515
3381
3116
1325
643
2217
3945
2090
4440
4317
3942
339
216
659
2872
564
80
3067
1558
4959
1347
4067
2056
3870
4797
1805
3978
4722
4394
2494
637
1020
4125
1550
916
4624
1399
2999
3393
755
4555
4754
3260
2530
500
3964
3663
1038
2339
3065
1309
4872
4051
4008
4205
1996
203
2683
3030
3100
1473
789
668
2004
3317
3836
259
1249
982
2649
302
979
237
4660
2837
4826
4409
1445
4836
4536
1712
208
3531
4591
2824
4174
1839
1904
1927
3541
1595
4199
873
3950
2673
816
28
755
1758
1923
2976
2274
3753
3887
1057
117
4327
2318
3920
3534
722
1945
3058
2864
2439
652
2869
1077
30
3204
561
4403
4304
2205
1549
1546
3014
2804
862
4895
2289
2596
75
2688
1828
4768
511
330
1673
1315
4414
1109
1163
3399
1934
1066
1302
3960
715
51
1144
3659
4261
4869
1034
2541
2042
786
4788
3452
4876
495
562
533
77
4021
3478
2545
3769
4192
3965
4943
2077
1090
4909
4224
4384
3465
2782
4686
2367
2803
1632
1329
4666
3332
4895
1613
4985
219
4073
1272
4083
919
1746
2997
4788
3050
4148
4547
3154
921
28
4506
4299
2964
2806
4233
1402
586
1263
4384
4978
2621
2138
1746
379
1604
2587
2484
1305
3071
1474
4515
3847
3496
3784
1924
19
711
3803
926
3674
2469
3955
3215
1259
2617
3956
2019
1353
1953
3461
1203
1802
2601
4226
1221
3658
790
47
2395
1346
2229
1390
1317
1260
1510
2913
3635
3506
4490
4995
2718
3846
2052
634
1999
2280
3169
4957
2958
2523
4098
3724
1698
3303
2271
2890
4014
1214
4915
4859
1911
2377
2217
1402
4017
2474
4749
4652
375
4166
2015
3238
2448
2523
2191
211
825
4738
4920
648
4904
2928
2905
2606
3230
91
4996
888
2696
2656
1708
2436
1717
701
3197
3439
2858
388
4479
3477
4260
4424
4519
1703
2929
1137
4655
1916
1863
1040
2993
2622
4751
4107
2198
337
1507
2931
385
4939
36
354
3901
3454
1336
287
2923
2014
3768
715
1589
1188
3236
435
3056
1247
4211
2899
949
4444
3677
867
2259
2577
2189
4603
2928
4440
3621
3324
423
763
145
1017
4272
2967
4432
3192
258
3541
1329
4257
3760
2776
4445
3592
897
2306
1382
4539
2200
2410
3327
1942
1228
2760
4875
3354
1221
1290
2455
1699
2680
2918
4402
3221
727
4828
2016
412
4564
2785
3244
3158
2627
26
4433
2974
3089
984
4080
2451
3941
3215
4150
696
4651
3676
319
1296
2578
1561
4314
4148
3761
2219
4640
3379
4545
2139
2937
283
748
344
4537
3896
1632
2102
2334
2264
2259
4016
4524
925
1079
1611
301
3551
1773
3964
3297
1932
3901
4537
1961
3998
3982
7
141
4504
2806
22
992
4658
1714
2986
1461
1714
3700
4943
603
2776
1370
1000
3109
2763
1671
4234
83
1508
1662
3786
1021
1646
4196
2593
4130
3839
4673
4644
622
1989
1510
2511
2983
4573
245
4548
3965
4850
96
2527
826
3322
4702
4288
3421
713
3086
932
2405
1919
4135
369
795
4555
3801
3870
3517
203
2670
3090
1980
2065
2684
2924
1057
1786
3151
4722
4273
3694
1813
582
2688
4030
1615
326
3520
597
4063
1873
4271
96
2073
1220
4618
1356
3051
4858
567
2021
3123
1438
2240
3984
4328
3593
3461
2902
3978
4409
3778
2771
642
2748
2064
679
4161
1900
3464
624
4273
25
4461
4677
1079
324
980
1690
2275
1219
2559
2942
1453
2240
1289
928
378
4659
3716
2799
4701
2207
783
2850
1605
2140
4413
3258
4659
2118
1462
3581
3689
2577
313
715
4047
551
4293
4522
2241
904
1309
2299
3016
1403
4430
1555
914
2688
2872
2207
4392
1032
4915
1712
2253
1738
3548
2075
3794
2841
934
1101
1820
383
1129
4061
2262
1417
4495
1832
1553
780
953
2412
3801
1213
3509
280
1131
4313
3929
3238
2307
1414
2236
1544
1247
720
3311
2506
2349
1894
4079
2812
2626
3875
1418
1095
1592
2866
3130
4113
4398
1356
1726
2003
175
1894
3910
3546
4327
1222
4140
555
782
1829
1285
4430
1052
3569
4700
4998
931
197
3317
1677
3615
3885
2517
2968
1842
4797
2608
4816
288
3343
3598
2380
1739
870
1512
721
1174
2440
1081
4369
804
4210
3421
3240
3926
1736
2610
2827
2530
2430
4422
3784
3604
1473
2739
532
2896
3546
942
2834
3222
1160
1094
1323
2182
3384
2072
2341
3136
3360
1286
2124
952
3400
3034
1482
4578
2834
1267
2374
4852
4186
23
3443
1891
3382
2325
3084
945
1192
3647
288
2987
2744
1512
796
1210
3044
4907
4191
4840
2291
219
2304
4394
3504
1847
2556
741
2125
4387
2
4262
9
515
4845
3327
699
2746
3430
645
369
4612
545
1814
4146
3150
190
4688
2027
232
2313
4250
478
2465
4662
1453
59
3623
1243
422
884
3959
1238
2909
2062
673
981
4137
4568
2837
3629
1213
2404
4096
1977
3842
97
3682
3980
3718
3107
2366
4324
3765
492
3950
781
2679
422
1474
1376
3749
3668
4447
775
131
1783
1552
1233
1078
1903
2073
4734
1255
3346
2057
4992
1766
3360
3841
1958
220
1770
1110
1920
1033
4649
3825
612
1549
1698
1492
3720
1814
2916
2074
3485
2872
2144
2210
2897
2518
1241
1312
4088
2758
4158
483
2552
3026
181
1637
2765
4201
3344
1047
4533
4324
744
3380
3306
2270
4118
2198
2584
4013
2852
1904
3819
1558
1639
2548
4289
4007
2860
1669
3081
3941
2045
3672
1499
3639
1840
1880
3302
2081
3966
1710
1127
3008
4184
2209
28
2276
3284
3471
1778
3133
4927
1625
2991
928
1298
4833
4261
2960
3902
202
1787
3410
4655
1724
3247
2449
4538
659
4272
2653
4181
1145
3599
2581
4728
74
900
180
4654
556
4935
1247
3934
163
2107
3446
3941
2843
